
255 255 255 255 255 255 255 255 255 255 255 255 255 255 255 255 253 253 255 255 255 254 252 252 252 251 250 249 247 246 243 242 242 243 245 247 249 251 253 255 253 252 255 255 253 253 253 253 255 255 255 255 255 255 255 255 255 255 255 255 255 255 255 255 
255 255 255 255 255 255 255 255 255 255 255 255 255 255 255 255 253 253 255 252 250 247 241 231 224 216 210 203 200 195 193 191 191 191 195 200 205 211 218 226 233 240 247 250 253 253 253 253 255 255 255 255 255 255 255 255 255 255 255 255 255 255 255 255 
255 255 255 255 255 255 255 255 255 255 255 255 255 255 255 255 255 255 254 250 245 233 213 189 162 137 117  95  82  69  67  65  64  67  72  80  95 117 138 165 189 211 233 245 250 255 255 255 255 255 255 255 255 255 255 255 255 255 255 255 255 255 255 255 
255 255 255 255 255 255 255 255 255 255 255 255 255 255 255 253 251 244 231 220 202 177 142 110  80  59  46  32  21  14  14  12  12  14  14  22  33  45  61  81 108 140 176 202 220 233 244 251 255 255 255 255 255 255 255 255 255 255 255 255 255 255 255 255 
255 255 255 255 255 255 255 255 254 255 255 255 253 252 253 250 242 220 185 144  96  64  47  35  26  18  13  10   6   5   4   4   4   4   5   6  10  12  19  26  34  45  64  98 143 186 221 243 250 255 254 255 254 255 255 254 255 255 255 255 255 255 255 255 
255 255 255 255 255 255 255 255 255 254 255 255 252 247 237 221 197 159 106  66  34  15   6   1   1   0   0   0   0   0   0   0   0   0   0   0   0   0   0   0   0   5  15  36  67 107 160 199 221 237 249 254 255 255 255 255 255 255 255 255 255 255 255 255 
255 255 255 255 255 255 255 255 255 255 255 255 253 238 207 165 100  58  41  24  11   6   4   0   0   0   0   0   1   0   0   0   0   0   0   0   0   0   0   0   0   2   5  11  26  40  60 100 165 208 239 253 255 255 255 255 255 255 255 255 255 255 255 255 
255 255 255 255 255 255 255 255 255 253 253 244 230 199 145  85  39  12   5   2   3   2   2   2   0   0   2   2   0   0   2   2   0   0   2   3   0   0   2   2   0   0   2   2   2   7  14  39  85 145 200 230 244 253 255 255 255 255 255 255 255 255 255 255 
254 255 255 255 253 253 255 255 252 250 249 226 177 114  60  29  14   4   2   0   0   0   2   2   0   0   2   2   0   0   2   2   0   0   2   2   0   0   2   2   0   0   0   0   0   2   5  14  29  59 116 178 226 249 252 252 255 255 253 255 255 255 255 255 
255 255 255 255 253 253 255 253 250 240 220 180 103  53  19   4   1   0   0   0   0   1   1   1   1   1   1   1   1   1   1   1   1   1   1   1   1   1   1   1   1   0   1   0   1   1   1   3   3  20  51 105 180 219 242 251 255 255 253 255 255 255 255 255 
255 255 255 255 255 255 255 253 249 219 162  90  43  18   8   0   2   0   0   0   0   2   2   2   2   2   2   2   2   2   2   2   2   2   2   2   2   2   2   2   2   0   2   0   2   2   2   2   2   8  18  44  94 164 222 249 253 255 255 255 255 255 255 255 
255 255 255 255 255 255 255 244 226 180  89  39  13   1   1   1   1   1   1   1   1   1   1   1   1   1   1   1   1   1   1   1   1   1   1   1   1   1   1   1   1   1   1   1   1   1   1   1   1   1   2  14  40  93 180 226 244 253 255 255 255 255 255 255 
255 255 254 255 255 254 253 230 178 103  42  13   5   1   1   1   1   1   1   1   1   1   1   1   1   1   1   1   1   1   1   1   1   1   1   1   1   1   1   1   1   1   1   1   1   1   1   1   2   1   1   5  14  44 105 177 228 250 252 253 255 255 255 255 
255 255 255 255 254 249 237 199 112  50  18   1   0   0   0   0   0   0   0   0   0   0   0   0   0   0   0   0   0   0   0   0   0   0   0   0   0   0   2   2   0   0   2   2   0   0   0   0   0   0   0   1   1  18  52 112 199 235 247 252 255 255 254 255 
255 255 255 255 254 238 209 145  58  20   7   1   1   1   1   1   0   0   1   1   0   0   1   1   0   0   1   1   0   0   1   1   1   1   1   1   0   0   1   1   0   0   1   1   0   0   1   1   0   0   1   1   0   7  18  58 144 209 238 254 255 254 255 254 
255 255 255 253 250 224 165  83  30   5   3   0   0   0   0   0   0   0   0   0   0   0   0   0   0   0   0   0   0   0   0   0   0   0   0   0   0   0   0   0   0   0   0   0   0   0   0   0   0   0   0   0   0   1   2  29  84 169 224 250 253 254 255 255 
253 253 255 251 242 199  97  36  15   3   1   1   0   0   1   1   1   2   1   1   1   2   1   1   1   1   1   1   0   0   1   1   0   0   1   0   0   0   1   2   1   1   1   1   1   1   1   0   0   0   1   1   1   1   3  15  38 100 203 243 251 255 255 254 
253 253 255 244 221 158  53  11   5   2   0   0   0   0   0   0   0   2   1   3   3   4   3   3   2   1   2   2   0   0   0   0   0   0   0   0   0   0   0   2   2   3   3   3   2   1   2   0   0   0   0   0   0   0   2   5  12  55 161 222 244 255 255 255 
253 253 254 233 188 104  36   4   2   1   1   1   1   1   1   1   1   2   3   4   8   8   8   6   4   1   1   1   1   1   1   1   1   1   1   1   1   1   1   2   6   7   8   6   4   3   2   1   1   1   1   1   1   1   0   1   4  36 105 190 233 255 255 255 
253 251 250 220 144  62  23   2   1   0   0   0   0   0   0   1   1   6  14  27  47  53  53  45  23  12   3   0   0   0   0   0   1   1   0   0   0   5  11  25  45  53  53  46  24  12   5   1   0   0   0   0   0   0   0   0   1  24  64 146 220 250 254 255 
253 250 247 204  95  31  13   0   1   1   1   1   0   0   1   3   3  13  35  57   8   0   0   7  53  30  12   1   0   0   1   1   0   0   1   1   1  12  31  54   8   0   0   7  58  34  11   0   0   0   1   1   0   0   0   1   0  13  33  95 206 244 252 255 
252 245 234 179  58  13   5   1   1   0   0   0   0   0   1   1   1  24  62   0   0  15  13   0   0  59  23   1   0   0   0   0   0   0   0   1   1  25  59   0   0  14  15   0   0  60  22   0   0   0   0   0   0   0   0   1   1   5  13  61 180 234 247 254 
250 238 214 142  43   4   2   0   0   0   0   0   0   0   0   2   2  39  28   0  14  30  31  14   0  29  39   2   0   0   0   0   0   0   0   2   3  42  29   0  16  31  30  13   0  27  36   2   0   0   0   0   0   0   0   0   0   2   6  46 145 216 242 252 
250 231 196 104  31   2   2   2   2   0   2   2   0   0   2   4   5  47   0  10  29  37  39  30  13   0  51   4   3   2   2   2   2   2   2   3   4  50   0  14  30  37  37  29  11   0  49   4   2   0   2   2   2   0   2   2   2   0   2  33 109 196 235 252 
252 227 167  76  25   2   2   0   0   0   2   0   0   0   0   4   7  45   0  23  34  39  37  32  20   0  50   6   5   2   2   0   1   0   2   6   8  48   0  23  32  37  37  34  21   0  50   5   2   0   2   0   0   0   2   0   0   0   2  27  77 171 227 254 
254 222 142  53  19   1   1   1   1   0   1   1   0   0   1   3   6  47   0  23  35  38  37  33  20   0  52   8   4   3   3   2   1   1   3   6  10  47   0  22  32  37  39  34  21   0  51   5   1   0   1   1   1   0   1   1   1   0   1  21  55 143 221 254 
251 216 118  42  13   2   2   0   0   0   2   0   0   0   0   2   5  47   0  13  29  37  39  29  11   0  50   7   4   2   2   0   0   0   3   4   9  50   0  13  28  37  39  30  11   0  47   3   0   0   2   0   0   0   2   0   0   0   1  15  42 117 219 254 
252 210  96  29  10   0   0   1   0   0   0   0   0   0   0   1   3  36  28   0  14  31  32  13   0  29  39   4   3   1   1   0   0   1   1   3   5  40  30   0  14  30  29  14   0  27  36   1   0   0   0   0   0   0   0   0   0   0   0   9  30  96 213 252 
249 206  78  20   6   0   0   0   0   0   0   0   0   0   0   0   3  23  54   0   0  14  15   0   0  55  23   4   4   3   0   0   0   0   3   4   4  23  54   0   0  15  15   0   0  56  22   2   0   0   0   0   0   0   0   0   1   0   0   7  21  81 209 250 
247 201  65  12   5   0   0   0   0   0   0   0   0   0   0   1   1  10  28  51   7   0   0   8  52  28  12   4   3   1   1   0   0   1   3   3   4  12  31  54   8   0   0   5  49  24  10   1   1   1   0   0   0   0   0   0   0   0   0   5  16  70 204 248 
244 199  61  11   3   0   0   0   0   0   0   0   0   0   0   0   0   3  10  22  40  46  47  39  22  10   4   1   0   0   0   0   0   0   1   1   0   3  10  22  40  47  46  40  22  10   3   1   0   0   0   0   0   0   0   0   0   0   0   3  12  64 202 247 
243 197  59  10   4   0   0   0   0   0   0   0   0   0   0   0   0   0   0   2   4   5   4   3   2   0   3   0   0   0   2   1   0   0   0   1   0   0   0   2   3   4   4   4   2   1   0   0   0   0   0   0   0   0   0   0   1   0   0   4  12  62 200 245 
242 197  57  11   4   1   1   1   1   1   1   2   1   1   1   2   1   1   1   1   2   2   4   3   2   0   2   2   1   1   2   2   1   1   2   1   1   1   0   1   1   2   2   1   2   1   1   1   2   1   1   1   1   1   1   1   1   0   1   5  11  60 200 244 
244 200  60  13   5   1   1   1   1   1   1   1   2   0   2   3   1   3   5   7   7  10  15  18  18  21  23  24  26  25  28  29  26  26  26  24  24  23  21  20  16  13  12   7   4   5   3   3   1   0   0   1   1   1   1   1   1   0   1   5  14  64 202 246 
249 202  65  13   5   0   1   0   0   0   1   0   0   0   3   7   5   5  11  18  22  30  40  47  53  58  62  65  67  67  69  70  69  69  67  67  65  62  59  54  49  39  31  21  15  10   6   5   3   3   2   0   0   0   0   0   0   0   0   4  16  69 205 249 
250 207  74  17   7   2   2   2   0   0   2   2   2   7  18  29  40  48  54  44  28  17   5   0   0   0   0   0   0   0   0   0   0   0   0   0   0   0   0   0   0   6  18  30  42  52  48  40  28  18   6   2   2   0   2   2   3   0   0   7  21  80 209 250 
249 212  94  28   8   2   2   0   0   0   0   2   2  14  44  45  15   3   0   0   0   0   0   0   2   1   6   6  14  18  20  21  20  20  17  12   8   6   3   2   1   0   0   0   0   0   3  13  45  44  15   2   0   0   2   0   0   0   0  11  30  96 216 252 
252 218 114  39  13   1   1   1   0   0   1   2   3  31  32   0   0  19  34  53  84 113 136 163 185 206 223 237 243 248 252 254 254 252 250 245 237 222 206 185 163 138 114  84  55  32  21   0   0  33  30   2   1   0   1   1   0   0   1  13  41 119 218 254 
254 224 143  47  17   1   1   0   0   0   0   3   6  44   0   7  93 188 223 240 249 252 255 255 255 255 255 255 255 255 255 255 255 255 255 255 255 255 255 255 255 254 254 249 238 222 187  91   2   0  43   4   0   0   0   0   0   0   0  17  50 145 225 255 
255 229 172  67  22   0   1   0   0   0   0   3   8  44   0  29 214 237 240 244 250 252 254 255 254 253 255 255 255 253 255 254 255 255 255 255 255 255 254 255 255 253 251 248 244 240 238 215  27   0  47   7   0   0   0   0   0   0   0  22  70 178 231 255 
252 235 201 100  28   0   1   0   0   0   0   4  10  46   0  23 206 237 240 244 250 252 255 254 254 255 255 255 255 255 254 255 255 255 255 255 255 255 254 254 254 253 251 250 246 241 237 207  23   0  46   7   1   0   0   0   0   0   0  30 104 202 235 252 
252 242 219 143  38   4   2   0   0   0   0   2   9  48   1  16 136 223 229 233 238 239 241 240 242 242 242 242 242 242 242 242 243 242 242 242 242 240 242 241 241 241 237 236 235 230 222 135  14   3  47   5   2   0   0   0   0   2   4  39 145 221 243 252 
252 247 234 185  52  10   4   2   2   2   2   2   5  40  21   6  28  41  42  41  42  39  42  40  40  39  39  40  40  39  40  41  40  40  40  40  40  38  40  41  40  40  39  42  41  41  42  27   3  21  40   4   1   2   2   2   2   4  13  52 185 236 249 253 
252 250 247 209  90  27   9   2   2   0   0   2   2  31  48   0  22  37  37  37  36  36  37  37  36  36  37  37  36  36  37  37  36  36  37  37  36  36  36  36  37  37  36  36  37  36  37  20   0  46  31   2   2   0   0   2   2  11  29  91 212 247 252 253 
255 253 252 226 152  51  19   1   0   0   0   1   2  23  60   0  12  37  37  37  37  37  37  37  37  37  37  37  37  37  37  37  38  37  37  37  37  37  37  37  37  37  37  37  37  37  39  12   0  59  24   1   0   0   0   2   1  21  55 157 226 252 255 255 
255 254 255 236 199  96  32   5   1   0   0   0   0  16  42  14   0  30  37  37  37  37  37  38  37  37  37  37  36  36  36  36  36  36  36  37  37  37  37  37  37  37  37  37  37  36  30   0  13  40  16   0   0   0   0   2   5  32 101 202 238 255 255 255 
254 254 255 245 226 164  47  12   5   1   1   1   0   8  22  52   0  16  30  37  36  36  37  37  36  36  37  36  34  34  34  34  34  34  34  36  37  37  36  36  36  36  37  37  37  30  14   0  50  19   9   1   1   1   3   6  14  48 170 229 245 253 255 254 
255 255 255 251 243 209  94  30  12   0   1   0   0   3   5  35  47   0  16  32  34  37  36  36  31  30  31  32  41  48  47  36  37  46  51  43  33  30  30  31  34  36  37  36  32  14   0  50  34   5   2   0   0   1   2  13  33 100 211 245 251 253 255 255 
255 255 255 253 249 227 177  70  23   3   2   2   1   0   5  17  45  15   0  21  32  36  36  32  27  62 108 136 141 139 142 139 139 140 138 141 138 109  64  28  32  36  38  32  20   0  16  43  16   3   2   2   0   2   3  24  73 181 229 249 253 255 255 255 
255 255 255 255 252 241 220 150  46  16   5   0   1   1   4   9  16  44  25   0  10  25  30  46 125 146 142 137 134 132 132 132 132 133 133 135 139 144 149 126  46  30  26  11   0  27  43  15   7   3   3   3   0   5  17  48 153 220 242 254 255 255 255 255 
255 255 255 255 255 248 241 209 112  41  14   1   1   3   3   6   7  19  41  28   0   2  23  38  84 130 145 141 138 135 136 135 135 136 135 138 142 144 130  84  37  21   3   0  28  39  20   7   4   4   3   0   1  14  43 115 211 241 249 255 254 255 255 254 
255 255 255 255 255 255 252 235 194  93  34  11   4   1   3   4   1   4  12  33  56  13   0   1   6   8  29  65  96 118 129 134 134 129 118  95  65  28   9   6   0   0  15  56  33   9   4   1   2   1   1   4  14  35  97 197 236 252 255 255 255 255 255 255 
255 255 254 255 255 255 255 248 233 193  82  31  12   2   2   2   2   2   5  12  24  42  40   5   0   0   0   5  12  15  19  24  22  19  18  13   7   0   0   0   5  41  42  25  11   4   2   0   0   0   2  12  33  86 195 235 248 254 255 255 253 253 255 255 
255 254 255 255 255 255 255 253 250 230 180  83  33  12   5   1   2   2   3   4   1   9  20  38  56  51  33  17  10   2   0   0   0   0   2  10  17  33  53  57  39  21   9   1   1   1   0   0   0   5  14  35  86 184 233 252 255 255 255 255 253 253 255 255 
255 255 255 255 255 255 255 255 252 246 230 195  94  38  13   1   2   2   2   3   2   4   9  14  20  27  32  38  41  44  44  43  44  44  42  40  36  31  27  20  14   7   4   2   1   1   1   1   1  15  41  97 195 230 245 254 255 255 254 255 255 255 255 255 
255 255 255 255 255 255 255 255 252 252 252 235 196 111  41  20  12   4   2   0   2   1   2   2   0   0   3   2   3   3   5   6   7   5   3   1   0   0   0   0   0   0   0   0   3   2   3  11  22  45 114 199 235 250 252 253 255 255 255 255 255 255 255 255 
255 255 255 255 255 255 255 255 255 255 255 248 235 212 150  68  29  12   4   0   3   0   1   1   1   1   0   0   1   1   3   3   3   3   1   1   2   1   1   1   1   1   0   1   2   4  11  28  68 152 215 236 248 253 253 253 255 255 255 255 255 255 255 255 
255 255 255 255 255 255 255 255 255 255 255 255 252 241 221 183  96  45  28  17   9   5   1   0   1   0   0   0   0   0   0   0   1   0   1   0   1   0   1   0   1   1   5   9  17  28  45  97 183 223 242 252 255 255 253 253 255 255 255 255 255 255 255 255 
255 255 255 255 255 255 255 255 255 255 255 255 255 249 243 233 215 169  94  47  25   8   3   0   2   0   0   0   0   0   0   0   2   0   2   0   2   0   2   0   2   3   9  26  47  94 169 217 233 242 250 255 255 255 254 255 253 253 255 255 255 255 255 255 
255 255 255 255 255 255 255 255 255 255 255 255 254 254 254 252 246 232 206 156  87  43  31  24  18  16  13   8   5   3   2   2   3   4   5   5   8  13  16  18  24  32  45  89 159 207 232 246 252 253 254 255 255 255 255 255 253 253 255 255 255 255 255 255 
255 255 255 255 255 255 255 255 255 255 255 255 255 255 255 253 251 246 240 229 215 188 138  95  62  46  33  24  15  11  10  10   8  10  13  15  24  33  46  62  97 141 189 216 231 241 250 253 254 254 255 255 255 255 255 255 255 255 255 255 255 255 255 255 
255 255 255 255 255 255 255 255 255 255 255 255 255 255 255 255 253 253 255 252 247 239 225 210 188 153 121  95  73  60  56  53  53  54  61  74  95 124 156 191 212 226 240 249 252 255 255 255 255 255 255 255 255 255 255 255 255 255 255 255 255 255 255 255 
255 255 255 255 255 255 255 255 255 255 255 255 254 254 255 255 255 255 254 252 250 249 245 238 233 228 226 224 219 217 212 209 209 210 217 219 224 227 231 235 238 245 249 251 253 255 255 255 255 255 255 255 255 255 255 254 255 255 255 255 255 255 255 255 
255 255 255 255 255 255 255 255 255 255 255 255 255 255 255 255 255 254 254 253 253 251 254 251 253 250 251 251 252 250 250 250 248 249 251 252 251 251 252 252 253 254 252 252 254 255 255 255 254 255 255 255 255 255 255 255 255 255 255 255 255 255 255 255 