
255 255 255 255 255 255 254 254 255 255 255 255 255 255 255 255 255 255 255 255 255 254 254 254 254 255 255 255 255 255 255 255 255 255 255 255 255 255 255 254 255 254 255 255 255 255 255 255 255 255 255 255 255 255 255 255 255 255 255 255 255 255 255 255 
255 255 255 255 255 255 254 254 255 255 255 255 255 255 255 255 255 255 255 254 255 255 255 255 255 255 255 255 255 255 255 255 255 255 255 255 255 255 255 255 255 255 255 255 255 255 255 255 255 255 255 255 255 255 255 255 255 255 255 255 255 255 255 255 
255 255 255 255 255 255 255 255 255 255 255 255 255 255 255 255 255 255 254 255 255 255 255 255 255 255 251 245 244 241 241 241 240 241 242 244 245 251 255 255 255 255 255 255 255 255 255 255 255 255 255 255 255 255 255 255 255 255 255 255 255 255 255 255 
255 255 255 255 255 255 255 255 255 255 255 255 255 255 255 255 255 255 255 255 255 255 247 240 239 239 241 241 244 243 245 245 245 245 244 245 242 241 239 237 241 247 255 255 255 255 255 255 255 255 255 255 255 255 255 255 255 255 255 255 255 255 255 255 
255 255 255 255 255 255 255 255 254 255 255 255 255 254 255 255 255 255 255 254 244 237 238 240 241 240 242 242 243 244 245 245 245 245 243 243 242 241 241 241 241 238 237 244 253 255 255 255 255 255 254 255 254 255 255 254 255 255 255 255 255 255 255 255 
255 255 255 255 255 255 255 255 255 254 255 255 254 255 255 255 255 252 239 235 239 241 242 243 243 243 243 243 243 244 244 244 244 244 243 243 243 244 243 243 243 243 241 239 236 240 251 255 255 255 255 254 255 255 255 255 255 255 255 255 255 255 255 255 
255 255 255 255 255 255 255 255 255 255 255 255 255 255 255 255 243 237 240 240 240 242 241 242 242 242 241 242 243 242 242 242 242 242 241 242 242 242 241 242 242 241 241 240 240 239 236 243 255 255 255 255 255 255 255 255 255 255 255 255 255 255 255 255 
255 255 255 255 255 255 255 255 255 255 255 255 255 255 247 235 238 240 241 241 242 241 241 241 242 242 241 241 242 242 241 241 242 242 241 242 242 242 241 241 242 241 241 241 241 241 240 237 236 249 255 255 255 255 255 255 255 255 255 255 255 255 255 255 
254 255 255 255 255 255 255 255 254 255 254 255 255 244 234 237 240 241 241 241 241 241 241 241 241 241 241 241 241 241 241 241 241 241 241 241 241 241 241 241 241 241 241 241 241 241 241 240 237 235 243 255 255 254 254 254 255 255 255 255 255 255 255 255 
255 255 255 255 255 255 255 255 255 255 255 255 238 236 236 240 240 240 240 240 240 240 239 239 240 240 240 240 240 240 240 240 240 240 240 240 240 240 240 240 240 240 240 240 240 240 240 239 239 237 233 238 255 255 255 255 255 255 255 255 255 255 255 255 
255 255 255 255 255 255 255 255 254 255 255 237 233 237 238 238 238 238 238 238 238 238 237 237 238 238 238 238 238 238 238 238 238 238 238 238 238 238 238 238 238 238 238 238 238 238 238 238 238 238 235 231 237 255 255 254 255 255 255 255 255 255 255 255 
255 255 255 255 255 255 255 255 255 255 236 232 236 237 237 237 237 237 236 236 236 236 235 235 236 237 236 236 236 237 236 237 237 237 236 236 236 237 236 236 236 237 236 236 236 237 236 236 237 237 236 234 232 236 255 255 255 255 255 255 255 255 255 255 
255 255 254 255 255 255 255 255 255 237 231 233 235 235 235 235 235 235 234 235 235 235 234 234 235 235 234 234 234 235 234 235 235 235 234 235 235 235 234 235 235 235 234 235 235 235 234 235 236 235 235 235 234 231 237 255 255 255 254 255 255 255 255 255 
255 255 255 255 255 255 255 255 238 229 232 235 234 234 233 233 233 234 233 233 233 234 233 233 233 234 233 233 233 233 233 233 233 234 233 233 233 233 233 233 233 234 233 233 233 234 233 233 234 234 234 235 235 232 228 238 255 255 255 254 255 255 254 255 
255 255 255 255 254 255 255 246 226 229 232 232 232 232 232 232 232 232 231 232 232 232 231 232 232 232 231 231 232 232 231 232 232 232 231 231 231 231 231 232 232 232 231 232 232 232 231 232 232 232 232 232 232 232 229 226 245 255 255 254 255 254 255 255 
255 255 255 255 255 255 254 226 228 231 231 230 230 230 230 230 230 230 230 230 230 230 230 230 230 230 230 230 230 230 230 230 230 230 230 230 230 230 230 230 230 231 230 230 230 230 230 230 230 230 230 230 230 232 229 229 227 255 255 255 255 254 255 255 
255 255 255 255 255 255 234 225 227 228 228 228 228 228 228 228 228 229 228 228 228 229 228 228 228 228 228 228 228 228 228 228 228 228 228 228 228 228 228 229 228 228 228 228 228 228 228 228 228 228 228 228 228 228 227 227 225 235 255 255 255 255 255 254 
255 255 255 255 255 245 222 225 226 226 226 226 227 227 226 226 226 226 225 226 226 227 226 226 226 225 226 226 226 226 226 226 226 227 226 226 226 227 225 226 226 227 227 226 226 225 226 226 226 226 226 226 226 227 226 226 226 223 246 255 255 255 255 255 
255 255 254 255 255 227 222 225 225 225 225 225 225 225 224 225 225 224 225 225 225 225 224 224 224 225 224 225 225 225 225 225 225 225 224 225 225 225 225 224 224 224 225 225 225 225 224 225 225 224 224 225 225 225 225 225 225 222 227 255 255 255 255 255 
255 253 255 255 246 219 221 224 223 224 223 224 223 223 223 223 223 221 222 220 221 217 216 218 220 222 222 223 224 224 223 223 223 223 223 223 223 223 221 220 218 217 217 220 219 223 223 223 223 223 223 223 223 223 223 223 223 222 219 248 255 255 254 255 
255 255 255 255 228 218 221 222 223 223 222 223 222 222 222 222 222 220 217 202 100  41  42 102 201 218 221 223 223 223 223 222 222 223 223 223 223 221 218 202 100  41  42 102 204 219 221 221 222 222 222 222 222 222 222 222 221 220 218 228 255 254 254 255 
254 255 255 250 216 218 220 220 220 220 220 220 220 220 220 220 220 218 207  64  25  24  22  27  67 208 219 220 220 221 220 220 220 220 221 220 220 218 206  63  26  22  24  26  68 210 218 220 220 220 220 220 220 220 220 220 220 219 216 216 251 255 255 254 
255 255 255 235 215 218 218 218 218 218 218 218 218 218 218 218 218 215 128  26  24  23  24  24  26 128 215 218 219 218 218 218 218 218 218 218 217 215 125  27  24  24  22  24  26 129 215 218 218 218 218 218 218 218 218 218 218 218 218 216 237 255 255 254 
255 255 255 219 215 218 217 217 217 217 217 217 217 218 217 216 216 211  56  24  23  23  22  23  23  64 213 216 216 218 217 217 217 218 218 216 214 212  56  23  23  22  22  22  24  65 213 218 218 217 217 217 217 218 217 217 217 218 217 215 223 255 255 254 
254 255 252 214 214 214 214 215 215 214 214 215 215 215 214 214 214 201  34  23  23  22  22  22  22  41 206 214 216 214 214 214 215 215 215 215 214 202  33  22  22  22  22  23  24  41 209 214 214 214 214 215 215 215 214 214 214 215 214 213 213 255 255 254 
254 255 244 209 213 213 213 213 213 212 212 213 213 213 212 212 212 200  33  22  23  21  22  23  22  41 205 213 213 212 212 213 212 213 213 213 213 199  33  21  22  22  22  23  24  41 207 214 213 212 212 213 213 213 212 212 213 213 213 212 208 243 255 254 
254 255 232 208 209 211 210 209 210 210 210 210 210 211 210 210 210 205  55  22  22  22  22  21  23  62 206 210 210 211 210 210 210 209 212 210 211 206  55  22  21  22  22  23  23  64 206 210 211 210 210 210 210 211 210 210 211 211 210 208 208 231 255 254 
254 255 221 205 207 208 207 208 207 208 207 207 207 208 207 207 207 205 123  24  23  23  21  22  26 123 205 206 207 208 207 207 207 208 208 208 208 205 123  25  23  22  21  23  25 124 204 208 208 208 207 207 207 208 207 207 208 208 208 206 206 222 255 254 
253 255 214 206 206 206 206 206 206 206 205 206 206 206 205 206 207 206 194  62  24  23  21  23  66 196 204 205 205 207 206 205 206 206 207 206 206 204 194  62  24  21  24  25  65 197 205 206 206 206 205 206 206 206 205 206 207 206 206 205 207 216 255 255 
255 253 206 203 205 204 204 204 204 204 204 204 204 204 204 204 205 204 199 188  92  42  43  92 189 201 203 205 204 204 204 204 204 204 204 204 205 203 202 189  92  42  42  92 188 198 204 204 204 204 204 204 204 204 204 204 204 204 204 204 205 210 255 254 
254 252 202 201 201 201 201 201 201 201 201 201 202 202 201 201 201 201 201 200 199 196 197 198 200 200 200 201 201 201 201 201 201 201 201 201 201 201 201 200 199 197 196 199 200 201 200 201 201 201 201 201 201 201 201 201 201 201 201 201 199 204 254 255 
255 252 199 198 200 199 199 199 199 199 199 199 200 200 199 199 199 199 199 199 200 199 198 199 199 199 200 199 199 199 199 200 199 199 199 200 199 199 199 199 199 198 198 200 199 200 199 199 199 199 199 199 199 199 199 199 200 199 199 199 198 201 253 255 
254 252 197 197 198 198 197 197 197 197 197 198 197 197 197 198 197 198 198 198 197 197 196 195 197 196 197 198 197 197 197 197 197 197 198 197 197 197 196 196 196 197 197 197 198 197 197 197 198 197 197 197 197 197 197 197 197 197 197 197 196 198 253 254 
253 252 196 196 196 196 195 195 195 195 195 195 196 194 194 195 196 196 196 196 195 195 193 193 194 195 194 194 194 193 193 194 194 194 194 194 194 194 195 193 194 194 194 194 195 196 195 195 196 194 194 195 195 195 195 195 195 195 195 195 195 198 254 254 
254 251 196 191 193 191 192 191 191 191 192 191 191 191 192 194 193 192 192 193 193 192 191 192 190 189 187 186 185 183 183 182 183 183 183 185 186 187 188 189 191 190 192 191 193 193 192 192 192 192 191 191 191 191 191 190 191 191 190 191 191 200 252 254 
254 252 200 190 190 190 190 190 190 189 190 190 190 190 190 188 189 189 185 170 146 126 105  88  71  57  47  40  39  34  32  31  31  32  35  39  40  48  56  71  86 106 125 146 168 185 188 188 189 190 189 191 190 190 190 190 191 190 189 190 191 203 253 255 
254 254 209 189 187 187 187 187 188 187 187 187 187 185 186 155  88  56  33  24  24  24  24  23  24  23  24  24  29  33  35  36  35  35  32  29  24  24  23  24  26  24  23  23  25  34  55  88 154 186 186 188 186 187 187 187 187 187 187 187 190 210 254 255 
255 254 218 187 186 185 185 185 185 185 185 185 184 187 137  27  25  22  30  46  73 102 127 154 178 199 217 231 237 242 246 248 249 247 242 237 231 216 200 179 155 130 101  73  48  31  24  24  28 140 186 185 186 185 185 185 185 185 185 186 187 219 253 255 
254 255 233 182 183 183 183 182 183 183 183 183 182 181  47  23  96 183 218 232 241 246 251 251 253 255 254 255 254 254 255 255 255 255 254 254 255 254 255 254 252 249 246 241 233 217 182  94  23  55 182 183 184 184 183 183 184 183 183 183 184 233 253 255 
255 255 246 184 180 180 180 180 180 181 180 180 181 171  27  26 206 226 231 237 242 246 249 252 254 255 255 255 255 255 255 254 255 255 255 255 255 255 254 255 254 251 245 243 237 231 226 205  26  34 176 180 181 181 180 179 181 181 180 180 185 247 253 254 
254 253 252 195 178 177 177 179 178 178 177 178 180 171  33  22 198 226 231 236 242 246 250 252 254 255 255 255 255 255 253 254 255 255 255 255 255 255 254 254 252 251 245 242 236 229 225 197  22  40 175 180 178 178 177 178 178 178 177 179 198 252 253 254 
254 254 253 218 178 176 176 176 176 176 176 176 177 176  51  20 130 210 217 223 227 231 235 235 237 237 237 237 237 237 237 237 238 237 237 237 237 238 237 236 236 236 231 228 222 216 209 128  20  57 177 177 176 176 176 176 176 176 176 176 218 253 254 254 
255 255 253 242 178 173 174 175 175 175 174 174 176 174  83  22  24  27  28  28  29  28  28  29  29  28  28  29  29  28  29  30  29  29  29  29  29  30  29  30  29  29  28  29  28  27  28  23  21  86 173 175 174 175 175 175 175 175 174 177 241 252 254 253 
255 255 254 252 195 172 171 172 172 172 171 171 172 171 126  21  23  23  23  23  23  23  22  22  23  23  22  22  23  23  23  23  23  23  22  22  23  23  22  22  23  23  22  22  23  22  22  22  20 128 171 172 172 172 172 172 172 171 172 194 252 254 254 253 
255 255 254 253 230 170 170 169 169 169 168 168 170 169 163  35  21  22  22  22  22  22  22  22  22  22  22  22  22  22  22  22  23  22  22  22  22  22  22  22  22  22  22  22  22  22  22  21  37 166 170 170 169 169 169 170 169 169 170 231 253 254 255 255 
255 254 255 254 249 187 168 166 166 167 166 167 166 168 166  95  20  22  23  22  22  22  22  23  22  22  22  21  22  21  21  22  21  22  21  21  21  22  22  22  22  22  22  22  22  22  22  21  96 167 167 167 167 167 167 167 166 168 187 250 254 255 255 255 
255 255 255 254 253 228 167 165 165 165 164 165 163 164 165 157  38  21  21  21  22  22  22  22  22  22  21  21  20  19  19  20  19  20  19  19  20  21  22  22  22  22  22  22  21  21  21  37 157 164 165 165 165 165 165 165 165 168 230 254 254 255 254 253 
255 255 255 255 255 251 191 163 163 161 162 161 160 162 160 160 122  20  20  21  22  23  22  20  17  15  14  17  26  35  31  20  21  33  35  26  15  13  15  17  21  22  22  22  21  21  23 126 161 160 161 161 161 162 161 162 164 195 251 254 255 255 254 254 
255 255 255 255 253 252 238 170 159 160 160 160 158 158 159 158 160  95  20  21  21  22  22  17  11  48  92 120 125 124 124 123 124 125 123 124 119  90  47  13  18  22  22  21  22  22  97 159 158 160 159 159 160 160 160 159 171 240 251 253 255 255 255 255 
255 255 255 255 254 253 253 218 160 158 158 156 156 157 157 157 156 156  91  20  20  21  21  32 111 131 125 121 118 116 115 115 115 116 117 118 121 126 132 110  33  21  22  20  23  93 157 156 156 156 156 156 157 158 158 160 218 253 252 253 255 255 255 255 
255 255 255 255 255 253 253 248 195 159 155 154 153 153 153 154 153 154 154 113  30  19  20  26  69 113 128 124 120 117 119 117 117 119 117 120 125 128 114  69  25  20  20  29 112 154 154 153 154 154 153 152 154 156 158 196 248 253 252 255 254 255 255 254 
255 255 255 255 255 255 254 253 245 179 155 153 149 150 150 151 150 149 151 152 142  69  21  15  12   9  24  56  84 104 116 120 120 116 104  83  57  24  10  12  16  22  70 141 151 149 149 150 152 151 150 149 153 154 180 247 252 254 255 255 255 255 255 255 
255 255 254 255 255 255 255 254 253 240 171 150 149 148 148 148 148 148 148 149 149 151 131  76  33  15  13  14  11  11  12  14  15  12  11  12  13  13  15  31  76 132 151 149 148 148 148 148 148 148 148 149 150 173 241 253 254 254 255 255 255 255 255 255 
255 254 255 255 255 255 255 255 254 251 236 170 149 147 146 146 145 144 145 147 144 146 145 148 147 125  93  65  48  34  28  25  25  28  34  48  65  93 125 148 147 146 145 144 146 145 144 144 145 146 147 148 171 239 252 254 255 255 255 255 255 255 255 255 
255 255 255 255 255 255 255 255 254 255 251 240 174 148 145 143 142 142 142 143 142 142 143 142 144 144 145 145 145 144 143 142 141 143 145 146 146 144 144 144 142 142 143 143 143 142 142 142 143 145 148 176 241 252 254 253 255 255 254 255 255 255 255 255 
255 255 255 255 255 255 255 255 254 254 254 253 244 188 146 143 142 140 140 139 139 138 140 140 140 139 141 140 138 139 139 140 140 139 138 139 140 140 138 139 140 140 140 140 141 140 138 141 142 147 189 246 253 255 254 252 255 255 255 255 255 255 255 255 
255 255 255 255 255 255 255 255 255 255 255 255 253 248 211 155 142 139 137 137 138 137 137 137 137 137 138 138 137 138 138 138 138 138 137 137 139 137 137 137 137 138 137 138 137 138 138 141 153 211 249 252 255 255 255 255 255 255 255 255 255 255 255 255 
255 255 255 255 255 255 255 255 255 255 255 255 254 253 250 235 176 144 140 137 135 137 135 135 134 135 134 134 135 135 135 135 134 135 134 135 134 135 134 135 134 135 137 135 138 140 144 176 234 250 252 254 255 255 255 255 255 255 255 255 255 255 255 255 
255 255 254 255 255 255 255 255 255 255 255 255 255 252 252 252 249 220 165 139 137 134 133 133 132 133 133 133 133 133 133 133 133 133 132 133 132 132 132 133 132 133 134 137 139 166 220 248 252 253 254 255 255 255 254 255 255 255 254 254 255 255 255 255 
255 255 254 255 255 255 255 255 255 255 255 255 254 254 253 254 253 251 244 216 169 141 134 134 132 132 132 131 131 131 130 129 130 131 130 130 131 132 132 132 134 135 140 169 218 246 251 253 254 254 254 255 255 255 255 255 255 255 254 254 255 255 255 255 
255 255 255 255 255 255 255 255 255 255 255 255 255 255 255 255 255 255 252 251 248 232 196 164 142 136 132 131 129 130 128 127 128 128 129 129 130 132 135 140 164 197 233 246 251 253 254 255 254 254 255 255 255 255 255 255 255 255 255 255 255 255 255 255 
255 255 255 255 255 255 255 255 255 255 255 255 255 255 255 255 255 255 255 254 254 251 250 248 237 212 189 170 155 147 142 141 141 142 145 154 170 189 212 237 247 250 252 254 254 254 255 255 255 255 255 255 255 255 255 255 255 255 255 255 255 255 255 255 
255 255 255 255 255 255 255 255 255 255 255 255 254 254 255 255 255 255 253 254 254 254 254 250 252 250 251 250 248 247 243 243 242 244 247 248 249 250 250 251 250 253 254 255 253 255 255 255 255 255 255 255 255 255 255 254 255 255 255 255 255 255 255 255 
255 255 255 255 255 255 255 255 255 255 255 255 255 255 255 255 255 254 253 252 255 253 255 254 255 255 254 254 254 255 254 255 255 254 255 254 253 253 254 254 253 255 254 254 254 255 255 255 254 255 255 255 255 255 255 255 255 255 255 255 255 255 255 255 