
255 255 255 255 255 255 255 255 255 255 255 255 255 255 255 255 255 255 255 255 255 254 255 255 254 255 254 254 254 255 255 255 255 255 255 255 254 255 255 255 255 254 255 255 255 255 255 255 255 255 255 255 255 255 255 255 255 255 255 255 255 255 255 255 
255 255 255 255 255 255 255 255 255 255 255 255 255 255 255 255 255 255 255 254 254 255 255 255 255 255 255 255 255 255 255 255 255 255 255 255 255 255 255 255 255 255 255 254 255 255 255 255 255 255 255 255 255 255 255 255 255 255 255 255 255 255 255 255 
255 255 255 255 255 255 255 255 255 255 255 255 254 254 255 255 255 255 254 254 255 255 255 255 255 255 255 251 249 247 247 247 246 247 246 249 251 255 255 255 255 255 255 255 254 255 255 255 255 255 255 255 255 255 255 255 255 255 255 255 255 255 255 255 
255 255 255 255 255 255 255 255 255 255 255 255 254 254 255 255 255 255 255 255 255 255 250 245 243 244 249 249 252 252 253 253 253 253 251 253 250 247 244 242 245 250 255 255 255 255 255 255 255 255 255 255 255 255 255 255 255 255 255 255 255 255 255 255 
255 255 255 255 255 255 255 255 254 255 255 255 255 254 255 255 255 255 255 255 250 245 247 248 250 250 253 253 253 253 254 254 254 254 254 253 253 250 251 250 249 247 245 250 255 255 255 255 254 254 254 255 254 255 255 254 255 255 255 255 255 255 255 255 
255 255 255 255 255 255 255 255 255 254 255 255 254 254 255 255 255 255 243 242 247 253 254 255 255 255 255 255 255 254 254 254 254 254 255 255 255 254 255 255 255 254 253 248 243 244 255 255 255 254 254 254 255 255 255 255 255 255 255 255 255 255 255 255 
255 255 255 255 255 255 255 255 255 255 255 255 254 255 255 255 250 246 249 251 251 254 254 254 254 254 255 254 255 254 254 254 254 254 255 254 254 254 255 254 254 254 253 251 251 248 246 250 255 255 255 254 255 255 255 255 255 255 255 255 255 255 254 254 
255 255 255 255 255 255 255 255 255 255 255 255 255 255 252 242 247 253 254 254 255 254 255 255 254 254 255 255 254 254 255 255 254 254 255 255 254 254 255 255 254 253 254 254 254 253 253 249 243 254 255 255 255 255 255 255 255 255 255 255 255 255 254 254 
254 255 255 255 255 255 255 255 254 254 255 255 255 251 246 249 253 254 255 255 255 255 255 255 255 255 255 255 255 255 255 255 255 255 255 255 255 255 255 255 255 255 255 255 255 254 254 253 249 246 251 255 255 255 255 255 255 255 255 255 255 255 255 255 
255 255 255 255 255 255 255 255 254 255 255 255 246 246 251 255 255 255 255 255 255 255 255 255 255 255 255 255 255 255 255 255 255 255 255 255 255 255 255 255 255 255 255 255 255 255 255 255 255 252 245 246 255 255 255 255 255 255 255 255 255 255 255 255 
255 255 255 255 255 255 255 255 255 255 255 245 246 251 255 255 255 255 255 255 255 255 255 255 255 255 255 255 255 255 255 255 255 255 255 255 255 255 255 255 255 255 255 255 255 255 255 255 255 255 251 245 245 255 255 255 255 255 255 255 255 255 255 255 
255 255 255 255 255 255 255 255 255 255 244 245 251 254 254 254 254 254 255 255 255 255 255 255 255 254 255 255 255 254 255 254 254 254 255 255 255 254 255 255 255 254 255 255 255 254 255 255 254 254 254 250 245 244 255 255 255 255 255 255 255 255 255 255 
254 254 254 255 254 253 255 255 255 247 246 249 252 253 255 255 255 255 255 255 255 255 255 255 255 255 255 255 255 255 255 255 255 255 255 255 255 255 255 255 255 255 255 255 255 255 255 255 254 253 255 253 252 246 247 255 255 254 254 255 255 255 255 255 
254 254 255 255 253 254 255 255 249 244 251 255 252 252 255 255 255 254 255 255 255 254 255 255 255 254 255 255 255 255 255 255 255 254 255 255 255 255 255 255 255 254 255 255 255 254 255 255 254 254 254 255 255 251 245 249 255 255 255 254 255 255 254 255 
255 255 255 255 254 255 255 255 243 249 254 254 253 254 254 254 254 254 255 254 254 254 255 254 254 254 255 255 254 254 255 254 254 254 255 255 255 255 255 254 254 254 255 254 254 254 255 254 254 254 254 254 254 254 250 243 253 255 255 254 255 254 254 253 
255 255 255 255 254 255 255 241 247 254 254 254 254 254 254 254 254 254 254 254 254 254 254 254 254 254 254 254 254 254 254 254 254 254 254 254 254 254 254 254 254 253 254 254 254 254 254 254 254 254 254 254 254 254 254 248 242 255 255 254 255 254 254 254 
255 255 255 255 255 255 250 246 251 253 255 255 255 255 255 255 255 255 255 255 255 255 255 255 255 255 255 255 255 255 255 255 255 255 255 255 255 255 255 255 253 253 255 255 255 255 255 255 255 255 255 255 255 253 255 251 246 249 255 255 255 255 255 254 
255 255 255 255 255 255 243 250 252 254 255 255 254 254 255 255 255 254 253 254 254 255 254 254 254 253 255 255 255 255 255 255 255 254 255 255 255 254 254 255 254 252 252 254 254 253 255 255 255 255 255 255 255 254 254 254 251 241 254 255 255 255 255 255 
255 255 254 255 255 241 246 253 253 254 254 254 254 254 255 254 254 254 255 253 251 251 253 254 254 254 255 254 254 254 254 254 254 254 255 254 254 254 254 254 253 250 251 251 253 255 254 254 254 255 255 254 254 254 254 254 253 246 241 255 255 255 255 255 
255 253 254 255 255 239 249 254 253 253 255 253 255 255 255 255 255 252 252 247 244 240 241 244 248 252 255 255 253 253 255 255 255 255 255 255 255 253 251 248 244 240 240 243 246 250 253 255 255 255 255 255 255 255 255 255 255 250 240 255 255 254 254 255 
255 254 255 255 248 246 251 254 255 255 255 255 255 255 255 255 255 252 246 224 117  56  57 118 225 246 253 255 255 255 255 255 255 255 255 255 255 253 246 226 117  55  57 118 226 245 251 255 255 255 255 255 255 255 255 255 255 252 246 248 255 254 254 255 
254 255 255 255 240 250 253 254 254 254 254 254 254 254 254 254 254 248 232  83  37  33  31  39  85 234 251 254 254 255 254 254 254 254 255 254 254 251 232  82  36  29  33  38  84 234 248 254 254 254 254 254 254 254 254 254 254 254 251 241 255 255 255 254 
254 255 255 250 243 253 254 254 254 254 254 254 254 254 254 254 253 245 146  37  31  28  29  31  39 150 246 253 253 254 254 254 254 254 254 253 252 247 148  40  31  29  29  32  39 148 244 253 254 254 254 254 254 254 254 254 254 254 253 244 250 255 255 254 
254 255 255 239 245 254 255 255 255 255 255 255 255 254 255 255 253 240  71  30  28  25  25  28  33  83 242 251 253 254 255 255 255 254 254 253 250 241  76  33  28  26  26  29  32  82 242 253 254 255 255 255 255 254 255 255 255 254 255 245 240 255 255 254 
254 255 255 237 247 254 254 254 254 255 255 254 254 254 255 254 252 230  49  29  26  25  26  28  30  58 236 250 253 254 255 255 255 254 252 253 250 231  50  31  28  26  26  26  29  56 237 252 254 255 255 254 254 254 255 255 255 254 255 248 237 255 255 254 
254 255 255 238 250 254 254 254 254 255 255 254 254 254 255 254 253 231  50  31  29  25  26  29  30  58 236 251 253 254 254 255 255 254 253 251 250 230  50  30  28  26  25  26  29  56 237 254 254 255 255 254 254 254 255 255 254 254 254 251 237 255 255 254 
252 255 255 243 249 255 255 255 255 255 255 255 255 255 255 255 255 241  76  35  29  26  26  28  35  83 242 253 252 255 255 255 255 255 255 252 252 241  76  35  28  26  26  28  33  83 242 255 255 255 255 255 255 255 255 255 255 255 254 251 243 254 255 254 
254 255 249 245 251 254 255 255 255 254 255 255 255 254 255 255 254 243 149  41  33  30  29  32  43 152 246 253 254 254 255 255 255 255 254 253 253 244 149  43  33  29  28  33  42 150 245 254 254 254 255 255 255 254 255 255 254 254 254 250 246 247 255 254 
254 255 243 247 252 254 255 254 254 254 255 254 254 254 255 254 254 248 230  89  40  33  32  39  92 233 250 254 254 255 254 255 254 254 255 253 253 249 231  89  40  32  34  41  94 234 249 254 254 254 255 254 254 254 255 254 255 254 254 253 248 244 255 254 
255 255 239 248 252 255 255 255 255 255 255 255 255 255 255 255 253 251 243 226 118  64  65 120 227 247 253 255 255 255 255 255 255 255 255 255 255 252 248 227 120  64  64 119 227 244 252 255 255 255 255 255 255 255 255 255 255 255 255 253 250 241 255 253 
254 255 239 250 253 254 254 254 254 254 254 254 253 253 254 254 254 253 251 249 243 237 238 242 249 253 254 254 254 254 254 254 254 254 254 254 254 253 251 249 243 238 237 243 249 251 254 254 254 254 254 254 254 254 254 254 254 254 254 253 250 241 255 255 
255 255 238 252 254 255 255 255 255 255 255 255 253 253 255 255 255 255 255 255 254 253 252 253 255 255 255 255 255 255 255 255 255 255 255 255 255 255 255 255 253 252 252 254 253 255 255 255 255 255 255 255 255 255 255 255 255 255 255 255 252 240 255 255 
255 255 238 251 252 254 255 255 255 255 255 255 255 255 255 255 255 254 254 254 254 254 255 254 255 254 255 255 255 255 255 255 255 255 255 255 255 255 254 254 254 254 255 255 255 255 255 255 255 255 255 255 255 255 255 255 255 255 255 255 252 240 255 254 
255 255 238 252 253 254 255 255 255 255 255 255 255 254 254 255 254 253 253 251 250 251 250 249 247 248 248 248 247 246 248 249 247 247 248 248 248 248 248 249 249 249 253 252 252 253 254 254 254 254 254 255 255 255 255 255 255 255 255 254 251 238 255 254 
255 255 239 248 252 254 255 254 254 254 255 254 254 254 255 255 252 250 248 249 245 244 241 238 236 233 231 228 226 224 224 224 224 224 224 227 228 231 233 235 238 240 244 245 248 249 252 253 253 255 254 254 254 254 254 253 254 254 255 252 247 240 255 255 
255 255 241 246 252 255 255 255 255 254 255 255 255 252 250 244 239 234 229 211 187 164 140 121 103  88  77  69  66  62  60  59  59  60  63  66  69  78  85 101 120 141 163 187 209 229 235 240 244 250 251 254 255 255 255 255 255 255 255 254 245 241 255 254 
253 255 246 243 249 255 255 255 255 255 255 255 255 247 239 197 118  77  54  42  40  39  40  38  36  35  35  35  38  42  44  45  44  44  41  38  36  35  34  35  36  36  39  40  43  55  78 120 198 239 248 253 254 255 255 255 255 255 255 250 244 246 255 253 
253 255 253 239 249 255 255 255 255 255 255 255 253 247 181  57  39  30  35  49  76 105 130 157 181 202 218 232 238 243 247 249 248 246 243 238 232 217 201 180 155 131 103  76  51  35  32  40  58 184 246 254 254 255 255 255 255 255 255 249 239 253 255 253 
254 255 255 232 248 255 255 255 255 255 255 255 252 237  81  39 100 182 217 232 241 247 253 253 255 255 254 255 254 254 255 255 255 255 254 254 254 253 255 254 253 250 247 242 232 216 181  98  38  86 239 252 254 255 255 255 255 255 255 248 232 255 255 255 
255 255 255 229 244 255 255 255 255 254 255 254 251 226  55  35 206 222 227 234 242 247 251 254 254 255 255 255 255 255 255 254 255 255 255 255 254 254 254 255 254 251 246 242 234 227 222 205  35  61 233 252 254 254 255 254 255 254 255 244 228 255 255 255 
254 255 255 234 242 254 254 254 253 253 254 254 252 229  60  31 198 222 228 236 242 247 251 252 254 255 255 255 255 255 255 255 255 255 255 255 255 255 254 254 251 250 246 243 236 227 221 197  31  67 232 252 252 253 254 253 253 253 254 243 234 255 255 254 
254 255 255 250 239 252 253 253 253 253 253 253 254 235  81  31 131 208 217 223 229 232 236 236 238 238 238 238 238 238 239 239 239 238 238 238 238 238 238 237 237 235 232 229 224 217 207 131  31  88 237 253 252 253 253 253 253 252 252 238 250 255 255 254 
253 255 255 255 233 249 252 255 255 255 255 255 255 238 119  38  30  28  30  30  31  30  32  32  31  30  31  32  31  30  31  32  31  31  32  32  31  31  32  32  31  31  31  31  30  29  30  29  38 124 240 255 254 255 255 255 255 251 248 235 255 255 255 253 
253 254 255 255 244 240 249 254 254 254 255 255 254 240 172  45  33  25  25  25  25  25  26  26  25  25  26  26  25  25  25  25  25  25  26  26  25  25  26  26  25  25  26  26  25  24  26  33  46 175 242 254 254 254 254 254 254 249 240 243 255 255 255 253 
255 255 255 255 255 226 245 254 254 254 255 255 255 245 220  71  35  26  26  26  26  26  26  26  26  26  26  26  26  26  26  26  27  26  26  26  26  26  26  26  26  26  26  26  26  26  26  35  76 223 246 255 254 254 254 255 254 245 227 255 255 255 255 255 
255 254 255 255 255 232 240 252 253 254 255 254 255 249 237 146  45  29  29  26  26  26  26  27  26  26  26  28  28  29  29  28  29  28  29  28  28  26  26  26  26  26  26  26  26  28  29  43 147 236 251 254 254 254 254 254 252 240 233 255 255 255 255 255 
253 253 255 255 255 255 232 250 253 254 255 254 255 253 250 224  72  36  31  28  26  26  26  26  26  26  28  29  32  33  33  32  33  32  33  32  29  28  26  26  26  26  26  26  28  31  36  71 224 249 254 254 254 254 254 253 249 233 255 255 255 255 255 255 
254 254 255 255 255 255 241 237 248 253 254 253 254 254 253 240 174  53  38  29  28  27  26  31  35  42  47  55  70  81  78  67  68  79  82  70  54  46  42  35  29  26  26  28  29  38  53 178 240 253 253 253 253 254 253 248 237 245 255 255 255 255 255 255 
255 255 255 255 254 255 255 224 241 254 254 254 255 252 254 245 235 150  50  33  29  26  28  38  58 114 176 214 226 229 231 230 229 230 228 227 216 175 114  57  36  28  29  29  33  51 154 236 247 254 253 253 254 254 254 241 225 255 255 254 255 255 255 255 
255 255 255 255 254 255 255 255 230 247 251 253 255 254 255 251 247 232 140  51  38  33  31  56 165 212 228 238 243 247 248 250 248 249 248 245 238 227 213 164  55  31  34  40  53 144 234 247 252 254 254 255 254 251 245 230 255 255 255 255 255 255 255 255 
255 255 255 255 255 254 255 255 246 231 246 253 254 254 254 254 252 246 234 175  71  45  35  46 113 180 215 229 237 242 246 246 246 246 242 237 228 212 178 113  47  36  47  72 177 235 248 252 254 254 254 253 253 245 231 247 255 255 255 255 254 255 255 254 
255 255 255 255 255 255 255 255 255 233 235 248 251 254 254 255 254 251 248 238 208 118  57  51  57  65  93 136 172 198 214 221 221 214 198 171 134  90  66  57  52  58 121 209 240 249 251 254 253 252 254 251 249 233 235 255 255 255 255 255 255 255 255 255 
255 255 254 255 255 255 255 255 255 255 232 235 249 254 254 254 254 254 253 249 241 236 206 143  90  65  60  58  53  53  57  60  60  57  54  54  58  60  65  89 143 207 237 243 250 253 254 254 254 254 254 249 235 235 255 255 255 254 255 255 255 255 255 255 
255 254 255 255 255 255 255 255 255 255 255 234 234 245 251 255 254 255 255 255 253 249 243 236 222 189 147 113  90  75  69  66  66  69  75  90 113 147 189 223 235 244 251 253 255 255 255 255 254 251 245 234 233 255 255 255 255 255 255 255 255 255 255 255 
255 255 255 255 255 255 255 255 254 255 255 255 233 230 246 254 255 255 255 255 255 254 251 247 244 241 239 236 234 232 229 228 228 229 232 234 236 238 241 246 247 250 253 254 254 255 255 255 254 246 229 233 255 255 255 255 255 255 254 255 255 255 255 255 
255 255 255 255 255 255 255 255 254 254 255 255 255 245 227 241 249 252 253 255 255 254 253 253 253 252 254 253 252 251 251 251 251 251 252 252 253 253 254 255 253 253 253 253 254 253 252 248 241 229 245 255 255 254 255 254 255 255 255 255 255 255 255 255 
255 255 255 255 255 255 255 255 255 255 255 255 255 255 255 222 236 248 251 253 254 253 255 255 255 255 255 255 255 254 254 254 254 254 255 255 255 255 255 255 255 254 253 254 253 250 247 235 221 255 255 255 255 255 255 255 255 255 255 255 255 255 255 255 
255 255 255 255 255 255 255 255 255 255 255 255 254 255 255 255 241 228 236 243 247 251 253 255 255 255 255 255 255 253 255 255 255 255 255 255 255 255 255 255 255 253 251 247 242 236 230 243 255 255 255 254 255 255 255 255 255 255 255 255 255 255 255 255 
255 255 255 255 255 254 255 255 255 255 255 255 255 255 255 255 255 255 228 220 237 246 252 255 255 255 255 255 254 254 254 254 254 255 255 255 255 254 255 255 255 252 246 237 220 226 255 255 255 255 255 255 255 255 254 255 255 255 255 255 255 255 255 255 
255 255 255 255 255 254 255 255 255 255 255 255 254 254 255 255 255 255 255 255 240 225 230 236 239 243 247 247 249 250 249 251 252 253 252 252 249 247 243 239 236 231 227 240 255 255 255 255 254 252 254 255 255 255 255 255 255 255 255 255 255 255 255 255 
255 255 255 255 255 255 255 255 255 255 255 255 255 255 255 255 255 255 255 255 255 255 245 227 219 224 230 236 243 246 247 248 248 247 248 243 237 230 223 217 227 246 255 255 255 255 255 255 254 254 255 255 255 255 255 255 255 255 255 255 255 255 255 255 
255 255 255 255 255 255 255 255 255 255 255 255 255 255 255 255 255 255 255 255 255 255 255 255 255 255 254 244 237 235 232 231 231 232 234 237 246 255 255 255 255 255 255 255 254 253 255 255 255 255 255 255 255 255 255 255 255 255 255 255 255 255 255 255 
255 255 255 255 255 255 255 255 255 255 255 255 254 254 255 255 255 255 255 255 255 255 255 255 255 255 255 255 255 255 255 255 255 255 255 255 255 255 255 255 255 255 255 255 253 255 255 255 255 255 255 255 254 254 255 254 255 255 255 255 255 255 255 255 
255 255 255 255 255 255 255 255 255 255 255 255 255 255 255 255 255 254 255 254 255 253 253 252 255 254 252 252 254 254 255 255 255 255 255 254 253 253 255 254 253 253 255 255 254 255 255 255 254 255 255 255 254 254 255 255 255 255 255 255 255 255 255 255 